20.000000,-8.394820
20.138773,-8.231156
20.278508,-8.071388
20.419213,-7.915479
20.560895,-7.763397
20.703559,-7.615109
20.847213,-7.470582
20.991865,-7.329784
21.137519,-7.192684
21.284185,-7.059252
21.431868,-6.929458
21.580576,-6.803273
21.730315,-6.680668
21.881094,-6.561615
22.032919,-6.446088
22.185797,-6.334058
22.339736,-6.225500
22.494744,-6.120387
22.650826,-6.018696
22.807992,-5.920401
22.966248,-5.825478
23.125603,-5.733904
23.286063,-5.645655
23.447636,-5.560710
23.610331,-5.479046
23.774154,-5.400641
23.939114,-5.325475
24.105219,-5.253526
24.272476,-5.184776
24.440894,-5.119204
24.610480,-5.056791
24.781243,-4.997519
24.953191,-4.941369
25.126332,-4.857507
25.300674,-4.765021
25.476226,-4.675309
25.652997,-4.588355
25.830993,-4.504138
26.010225,-4.422643
26.190700,-4.343851
26.372428,-4.267745
26.555417,-4.194310
26.739675,-4.123527
26.925212,-4.055383
27.112036,-3.989861
27.300156,-3.926947
27.489582,-3.866624
27.680322,-3.808880
27.872385,-3.753700
28.065782,-3.701071
28.260520,-3.650978
28.456609,-3.603410
28.654059,-3.558352
28.852879,-3.515794
29.053079,-3.475722
29.254667,-3.438126
29.457654,-3.402993
29.662050,-3.370312
29.867864,-3.340073
30.075106,-3.312266
30.283787,-3.286879
30.493915,-3.263904
30.705501,-3.243329
30.918555,-3.225147
31.133087,-3.209348
31.349108,-3.195923
31.566628,-3.171643
31.785657,-3.119481
32.006206,-3.069367
32.228286,-3.021290
32.451906,-2.975242
32.677078,-2.931214
32.903812,-2.889196
33.132119,-2.849179
33.362011,-2.811155
33.593497,-2.775115
33.826590,-2.741052
34.061301,-2.708957
34.297639,-2.678823
34.535618,-2.650643
34.775248,-2.624408
35.016541,-2.600113
35.259508,-2.577751
35.504160,-2.557314
35.750511,-2.538796
35.998570,-2.522192
36.248351,-2.507496
36.499865,-2.494701
36.753124,-2.483803
37.008140,-2.474795
37.264926,-2.467673
37.523494,-2.462432
37.783856,-2.459067
38.046024,-2.457573
38.310011,-2.457947
38.575830,-2.460184
38.843494,-2.464279
39.113014,-2.470230
39.384405,-2.478033
39.657679,-2.487684
39.932849,-2.499180
40.209928,-2.483319
40.488930,-2.459690
40.769868,-2.437628
41.052755,-2.417128
41.337605,-2.398187
41.624431,-2.380801
41.913248,-2.364964
42.204069,-2.350675
42.496907,-2.337928
42.791777,-2.326721
43.088694,-2.317049
43.387670,-2.308911
43.688721,-2.302303
43.991861,-2.297222
44.297105,-2.293665
44.604466,-2.291630
44.913960,-2.291114
45.225601,-2.292115
45.539405,-2.294631
45.855386,-2.298659
46.173560,-2.304199
46.493941,-2.311247
46.816546,-2.319803
47.141388,-2.329865
47.468485,-2.341432
47.797851,-2.354501
48.129503,-2.369073
48.463456,-2.385147
48.799726,-2.402721
49.138329,-2.421794
49.479282,-2.442367
49.822601,-2.464438
50.168301,-2.471263
50.516401,-2.461696
50.866915,-2.453387
51.219862,-2.446334
51.575258,-2.440536
51.933119,-2.435991
52.293464,-2.432698
52.656309,-2.430656
53.021672,-2.429863
53.389570,-2.430319
53.760020,-2.432023
54.133041,-2.434974
54.508651,-2.439171
54.886866,-2.444614
55.267706,-2.451302
55.651188,-2.459235
56.037331,-2.468413
56.426154,-2.478835
56.817674,-2.490502
57.211911,-2.503413
57.608883,-2.517570
58.008610,-2.532971
58.411110,-2.549617
58.816403,-2.567509
59.224509,-2.586647
59.635446,-2.607032
60.049234,-2.628665
60.465894,-2.651546
60.885444,-2.675677
61.307906,-2.701057
61.733299,-2.727690
62.161643,-2.755574
62.592960,-2.784713
63.027270,-2.812909
63.464593,-2.809310
63.904950,-2.806725
64.348363,-2.805154
64.794853,-2.804597
65.244440,-2.805053
65.697147,-2.806523
66.152996,-2.809008
66.612007,-2.812507
67.074203,-2.817021
67.539606,-2.822551
68.008239,-2.829097
68.480123,-2.836660
68.955281,-2.845240
69.433736,-2.854839
69.915511,-2.865457
70.400629,-2.877094
70.889113,-2.889753
71.380987,-2.903435
71.876273,-2.918139
72.374996,-2.933868
72.877180,-2.950623
73.382848,-2.968406
73.892024,-2.987217
74.404734,-3.007059
74.921001,-3.027932
75.440850,-3.049839
75.964306,-3.072781
76.491394,-3.096761
77.022140,-3.121779
77.556568,-3.147838
78.094705,-3.174941
78.636575,-3.203088
79.182205,-3.232283
79.731621,-3.262527
80.284850,-3.278058
80.841917,-3.279579
81.402849,-3.281942
81.967673,-3.285150
82.536417,-3.289201
83.109107,-3.294099
83.685770,-3.299844
84.266435,-3.306437
84.851129,-3.313879
85.439879,-3.322173
86.032715,-3.331319
86.629664,-3.341319
87.230756,-3.352174
87.836018,-3.363887
88.445480,-3.376458
89.059170,-3.389889
89.677119,-3.404183
90.299355,-3.419340
90.925909,-3.435364
91.556811,-3.452255
92.192090,-3.470016
92.831777,-3.488649
93.475902,-3.508155
94.124497,-3.528538
94.777592,-3.549799
95.435219,-3.571940
96.097409,-3.594964
96.764193,-3.618874
97.435604,-3.643671
98.111674,-3.669358
98.792435,-3.695938
99.477919,-3.723413
100.168160,-3.744993
100.863190,-3.746191
101.563042,-3.748098
102.267751,-3.750715
102.977349,-3.754043
103.691871,-3.758084
104.411351,-3.762840
105.135822,-3.768313
105.865321,-3.774503
106.599882,-3.781413
107.339539,-3.789045
108.084328,-3.797399
108.834286,-3.806479
109.589447,-3.816286
110.349848,-3.826822
111.115524,-3.838089
111.886514,-3.850090
112.662853,-3.862825
113.444579,-3.876297
114.231730,-3.890509
115.024341,-3.905463
115.822453,-3.921161
116.626102,-3.937605
117.435328,-3.954797
118.250168,-3.972740
119.070663,-3.991437
119.896850,-4.010890
120.728770,-4.031101
121.566463,-4.052074
122.409967,-4.073809
123.259325,-4.096312
124.114576,-4.119583
124.975761,-4.143626
125.842922,-4.140577
126.716100,-4.137305
127.595336,-4.134613
128.480673,-4.132503
129.372153,-4.130976
130.269819,-4.130033
131.173713,-4.129677
132.083879,-4.129909
133.000361,-4.130731
133.923201,-4.132144
134.852445,-4.134150
135.788136,-4.136751
136.730320,-4.139950
137.679041,-4.143747
138.634346,-4.148145
139.596278,-4.153145
140.564885,-4.158750
141.540213,-4.164962
142.522309,-4.171783
143.511218,-4.179214
144.506990,-4.187259
145.509671,-4.195919
146.519309,-4.205196
147.535952,-4.215092
148.559650,-4.225611
149.590450,-4.236753
150.628403,-4.248522
151.673558,-4.260920
152.725965,-4.273949
153.785674,-4.287612
154.852737,-4.301912
155.927203,-4.316849
157.009124,-4.332429
158.098552,-4.348652
159.195540,-4.365521
160.300139,-4.377866
161.412403,-4.376865
162.532384,-4.376386
163.660136,-4.376430
164.795714,-4.376999
165.939170,-4.378096
167.090561,-4.379721
168.249941,-4.381878
169.417365,-4.384567
170.592890,-4.387792
171.776571,-4.391553
172.968466,-4.395854
174.168630,-4.400696
175.377122,-4.406082
176.593999,-4.412013
177.819320,-4.418492
179.053143,-4.425521
180.295526,-4.433102
181.546531,-4.441237
182.806215,-4.449930
184.074640,-4.459182
185.351866,-4.468995
186.637954,-4.479372
187.932966,-4.490316
189.236964,-4.501829
190.550009,-4.513913
191.872166,-4.526571
193.203496,-4.539805
194.544064,-4.553618
195.893933,-4.568014
197.253169,-4.582993
198.621836,-4.598560
200.000000,-4.614716
201.387726,-4.608020
202.785082,-4.601757
204.192132,-4.595928
205.608946,-4.590535
207.035591,-4.585580
208.472135,-4.581064
209.918646,-4.576989
211.375194,-4.573358
212.841849,-4.570171
214.318680,-4.567431
215.805758,-4.565139
217.303155,-4.563298
218.810941,-4.561910
220.329190,-4.560975
221.857973,-4.560497
223.397364,-4.560478
224.947436,-4.560918
226.508263,-4.561821
228.079920,-4.563188
229.662483,-4.565022
231.256026,-4.567324
232.860627,-4.570097
234.476361,-4.573343
236.103306,-4.577064
237.741540,-4.581263
239.391140,-4.585940
241.052187,-4.591100
242.724760,-4.596744
244.408937,-4.602874
246.104801,-4.609493
247.812431,-4.616603
249.531911,-4.624206
251.263320,-4.617390
253.006744,-4.605404
254.762265,-4.593776
256.529966,-4.582507
258.309933,-4.571599
260.102250,-4.561054
261.907004,-4.550873
263.724280,-4.541058
265.554166,-4.531610
267.396748,-4.522531
269.252116,-4.513822
271.120357,-4.505486
273.001561,-4.497523
274.895819,-4.489936
276.803219,-4.482726
278.723855,-4.475895
280.657817,-4.469446
282.605198,-4.463378
284.566091,-4.457695
286.540591,-4.452398
288.528790,-4.447489
290.530785,-4.442970
292.546671,-4.438843
294.576545,-4.435109
296.620503,-4.431771
298.678643,-4.428830
300.751064,-4.426288
302.837865,-4.424148
304.939145,-4.422412
307.055006,-4.421081
309.185547,-4.420157
311.330872,-4.419643
313.491082,-4.419540
315.666281,-4.414563
317.856573,-4.397906
320.062063,-4.381547
322.282855,-4.365487
324.519057,-4.349726
326.770776,-4.334267
329.038118,-4.319110
331.321192,-4.304258
333.620107,-4.289711
335.934974,-4.275472
338.265903,-4.261540
340.613006,-4.247919
342.976394,-4.234609
345.356181,-4.221612
347.752480,-4.208929
350.165406,-4.196562
352.595075,-4.184512
355.041602,-4.172782
357.505105,-4.161372
359.985701,-4.150284
362.483509,-4.139520
364.998649,-4.129081
367.531240,-4.118969
370.081404,-4.109186
372.649262,-4.099733
375.234938,-4.090612
377.838555,-4.081825
380.460238,-4.073373
383.100111,-4.065258
385.758302,-4.057483
388.434936,-4.050048
391.130143,-4.042956
393.844051,-4.036207
396.576790,-4.029806
399.328490,-4.023752
402.099283,-4.006443
404.889302,-3.985667
407.698680,-3.965138
410.527551,-3.944857
413.376050,-3.924825
416.244314,-3.905043
419.132480,-3.885512
422.040686,-3.866234
424.969070,-3.847210
427.917774,-3.828441
430.886938,-3.809929
433.876704,-3.791674
436.887214,-3.773678
439.918614,-3.755942
442.971047,-3.738468
446.044660,-3.721257
449.139599,-3.704310
452.256013,-3.687628
455.394051,-3.671214
458.553863,-3.655068
461.735599,-3.639192
464.939412,-3.623588
468.165455,-3.608256
471.413883,-3.593198
474.684850,-3.578415
477.978513,-3.563910
481.295030,-3.549683
484.634559,-3.535736
487.997259,-3.522071
491.383293,-3.508689
494.792820,-3.495592
498.226005,-3.482780
501.683012,-3.464613
505.164005,-3.440705
508.669152,-3.417007
512.198620,-3.393521
515.752578,-3.370246
519.331195,-3.347185
522.934642,-3.324338
526.563093,-3.301706
530.216720,-3.279291
533.895699,-3.257094
537.600204,-3.235115
541.330414,-3.213357
545.086506,-3.191819
548.868661,-3.170504
552.677058,-3.149413
556.511880,-3.128546
560.373311,-3.107905
564.261535,-3.087491
568.176738,-3.067306
572.119107,-3.047350
576.088831,-3.027625
580.086099,-3.008132
584.111102,-2.988873
588.164034,-2.969849
592.245088,-2.951060
596.354458,-2.932509
600.492342,-2.914197
604.658937,-2.896125
608.854442,-2.878294
613.079059,-2.860707
617.332989,-2.843363
621.616435,-2.826265
625.929602,-2.809414
630.272697,-2.791830
634.645927,-2.759720
639.049501,-2.727753
643.483630,-2.695929
647.948526,-2.664248
652.444402,-2.632711
656.971473,-2.601319
661.529956,-2.570073
666.120069,-2.538973
670.742030,-2.508021
675.396062,-2.477217
680.082387,-2.446561
684.801228,-2.416055
689.552811,-2.385700
694.337364,-2.355495
699.155115,-2.325443
704.006295,-2.295543
708.891135,-2.265798
713.809869,-2.236206
718.762733,-2.206770
723.749962,-2.177491
728.771797,-2.148368
733.828476,-2.119404
738.920241,-2.090598
744.047336,-2.061952
749.210007,-2.033467
754.408499,-2.005144
759.643061,-1.976983
764.913944,-1.948985
770.221400,-1.921152
775.565683,-1.893485
780.947047,-1.865984
786.365751,-1.838650
791.822053,-1.811485
797.316215,-1.784489
802.848498,-1.743551
808.419168,-1.689299
814.028491,-1.635028
819.676734,-1.580737
825.364169,-1.526427
831.091067,-1.472097
836.857702,-1.417746
842.664349,-1.363376
848.511286,-1.308984
854.398793,-1.254572
860.327152,-1.200138
866.296645,-1.145683
872.307558,-1.091206
878.360179,-1.036707
884.454796,-0.982186
890.591702,-0.927642
896.771190,-0.873075
902.993554,-0.818485
909.259094,-0.763872
915.568108,-0.709235
921.920897,-0.654575
928.317767,-0.599890
934.759022,-0.545181
941.244970,-0.490447
947.775922,-0.435689
954.352190,-0.380905
960.974088,-0.326096
967.641933,-0.271262
974.356044,-0.216401
981.116741,-0.161515
987.924349,-0.106602
994.779192,-0.051663
1001.681598,0.016641
1008.631897,0.126762
1015.630422,0.237293
1022.677508,0.348237
1029.773490,0.459596
1036.918709,0.571373
1044.113506,0.683571
1051.358224,0.796194
1058.653212,0.909244
1065.998816,1.022724
1073.395389,1.136637
1080.843284,1.250986
1088.342857,1.365774
1095.894467,1.481004
1103.498475,1.596679
1111.155244,1.712803
1118.865141,1.829378
1126.628534,1.946407
1134.445794,2.063894
1142.317296,2.181841
1150.243414,2.300252
1158.224530,2.419130
1166.261023,2.538479
1174.353278,2.658300
1182.501683,2.778598
1190.706626,2.899376
1198.968501,3.020637
1207.287701,3.142384
1215.664626,3.264621
1224.099674,3.387350
1232.593251,3.510576
1241.145761,3.634301
1249.757614,3.758529
1258.429222,3.834088
1267.160999,3.908392
1275.953362,3.982856
1284.806732,4.057480
1293.721532,4.132266
1302.698189,4.207214
1311.737132,4.282325
1320.838792,4.357601
1330.003606,4.433043
1339.232011,4.508650
1348.524448,4.584425
1357.881363,4.660369
1367.303201,4.736481
1376.790414,4.812764
1386.343455,4.889218
1395.962782,4.965845
1405.648853,5.042644
1415.402132,5.119618
1425.223086,5.196767
1435.112184,5.274092
1445.069898,5.351594
1455.096706,5.429274
1465.193086,5.507133
1475.359521,5.585172
1485.596497,5.663392
1495.904503,5.741794
1506.284033,5.820379
1516.735583,5.899147
1527.259652,5.978101
1537.856744,6.057240
1548.527365,6.136566
1559.272026,6.216079
1570.091240,6.295782
1580.985525,6.375673
1591.955400,6.455756
1603.001392,6.501498
1614.124028,6.453999
1625.323840,6.405805
1636.601363,6.356911
1647.957137,6.307312
1659.391704,6.257003
1670.905612,6.205978
1682.499410,6.154232
1694.173653,6.101759
1705.928900,6.048554
1717.765712,5.994611
1729.684655,5.939925
1741.686300,5.884491
1753.771219,5.828301
1765.939991,5.771351
1778.193198,5.713635
1790.531425,5.655147
1802.955263,5.595880
1815.465305,5.535830
1828.062150,5.474990
1840.746399,5.413354
1853.518660,5.350915
1866.379543,5.287668
1879.329663,5.223606
1892.369639,5.158723
1905.500094,5.093013
1918.721657,5.026469
1932.034960,4.959085
1945.440638,4.890854
1958.939334,4.821770
1972.531692,4.751826
1986.218363,4.681015
2000.000000,4.609330
2013.877263,4.573169
2027.850815,4.536374
2041.921325,4.498938
2056.089464,4.460858
2070.355911,4.422126
2084.721348,4.382739
2099.186461,4.342690
2113.751942,4.301975
2128.418488,4.260587
2143.186800,4.218521
2158.057583,4.175771
2173.031549,4.132331
2188.109414,4.088197
2203.291899,4.043361
2218.579730,3.997818
2233.973637,3.951562
2249.474357,3.904586
2265.082630,3.856886
2280.799204,3.808454
2296.624829,3.759285
2312.560262,3.709372
2328.606266,3.658708
2344.763607,3.607288
2361.033057,3.555105
2377.415395,3.502151
2393.911405,3.448421
2410.521874,3.393909
2427.247597,3.338606
2444.089373,3.282506
2461.048009,3.225602
2478.124314,3.167888
2495.319105,3.109355
2512.633205,3.096859
2530.067441,3.101339
2547.622646,3.105428
2565.299661,3.109122
2583.099330,3.112416
2601.022504,3.115305
2619.070041,3.117787
2637.242803,3.119855
2655.541659,3.121505
2673.967484,3.122733
2692.521159,3.123533
2711.203571,3.123901
2730.015613,3.123832
2748.958185,3.123322
2768.032193,3.122364
2787.238548,3.120954
2806.578170,3.119086
2826.051981,3.116756
2845.660914,3.113958
2865.405907,3.110686
2885.287902,3.106935
2905.307852,3.102700
2925.466712,3.097974
2945.765448,3.092752
2966.205029,3.087028
2986.786432,3.080797
3007.510643,3.074051
3028.378651,3.066785
3049.391454,3.058993
3070.550058,3.050668
3091.855473,3.041804
3113.308719,3.032394
3134.910820,3.022432
3156.662811,3.032027
3178.565731,3.087066
3200.620627,3.141992
3222.828555,3.196799
3245.190574,3.251485
3267.707756,3.306045
3290.381176,3.360475
3313.211918,3.414770
3336.201074,3.468927
3359.349744,3.522941
3382.659034,3.576808
3406.130059,3.630522
3429.763940,3.684079
3453.561808,3.737474
3477.524800,3.790702
3501.654063,3.843758
3525.950751,3.896637
3550.416023,3.949334
3575.051052,4.001843
3599.857014,4.054158
3624.835095,4.106274
3649.986490,4.158185
3675.312401,4.209884
3700.814039,4.261367
3726.492624,4.312627
3752.349383,4.363656
3778.385552,4.414450
3804.602377,4.465000
3831.001111,4.515301
3857.583016,4.565345
3884.349363,4.615125
3911.301432,4.664634
3938.440511,4.713864
3965.767898,4.762808
3993.284900,4.811458
4020.992833,4.897138
4048.893020,4.994792
4076.986797,5.092471
4105.275505,5.190170
4133.760499,5.287882
4162.443140,5.385600
4191.324799,5.483318
4220.406857,5.581030
4249.690705,5.678727
4279.177743,5.776403
4308.869380,5.874050
4338.767037,5.971661
4368.872142,6.069227
4399.186136,6.166740
4429.710467,6.264192
4460.446596,6.361575
4491.395991,6.458879
4522.560133,6.556095
4553.940511,6.653215
4585.538626,6.750228
4617.355988,6.847124
4649.394120,6.943895
4681.654552,7.040528
4714.138828,7.137013
4746.848500,7.233340
4779.785132,7.329498
4812.950300,7.425473
4846.345588,7.521256
4879.972595,7.616833
4913.832926,7.712192
4947.928202,7.807320
4982.260052,7.902204
5016.830119,8.008252
5051.640054,8.126231
5086.691523,8.244088
5121.986201,8.361810
5157.525775,8.479382
5193.311946,8.596790
5229.346424,8.714020
5265.630931,8.831057
5302.167204,8.947884
5338.956988,9.064486
5376.002043,9.180847
5413.304140,9.296950
5450.865063,9.412776
5488.686606,9.528309
5526.770580,9.643531
5565.118804,9.758421
5603.733113,9.872962
5642.615352,9.987133
5681.767380,10.100914
5721.191070,10.214283
5760.888307,10.327220
5800.860988,10.439702
5841.111024,10.551706
5881.640341,10.663210
5922.450876,10.774189
5963.544580,10.884618
6004.923418,10.994473
6046.589369,11.103726
6088.544424,11.212353
6130.790590,11.320324
6173.329887,11.427613
6216.164348,11.534190
6259.296021,11.640025
6302.726970,11.741671
6346.459269,11.791115
6390.495012,11.839343
6434.836301,11.886320
6479.485259,11.932009
6524.444019,11.976372
6569.714732,12.019371
6615.299561,12.060967
6661.200687,12.101119
6707.420304,12.139786
6753.960622,12.176925
6800.823865,12.212493
6848.012276,12.246445
6895.528109,12.278734
6943.373638,12.309314
6991.551149,12.338137
7040.062946,12.365153
7088.911348,12.390311
7138.098691,12.413559
7187.627328,12.434844
7237.499625,12.454110
7287.717968,12.471302
7338.284757,12.486362
7389.202410,12.499230
7440.473363,12.509847
7492.100065,12.518148
7544.084987,12.524071
7596.430612,12.527550
7649.139445,12.528517
7702.214005,12.526903
7755.656829,12.522638
7809.470474,12.515648
7863.657511,12.505858
7918.220533,12.493193
7973.162147,12.477573
8028.484981,12.393210
8084.191680,12.242938
8140.284906,12.088569
8196.767344,11.930012
8253.641691,11.767170
8310.910669,11.599944
8368.577016,11.428234
8426.643488,11.251935
8485.112861,11.070943
8543.987933,10.885148
8603.271516,10.694438
8662.966447,10.498698
8723.075578,10.297812
8783.601785,10.091658
8844.547961,9.880113
8905.917020,9.663050
8967.711896,9.440338
9029.935544,9.211843
9092.590939,8.977429
9155.681077,8.736955
9219.208974,8.490276
9283.177667,8.237242
9347.590216,7.977704
9412.449700,7.711502
9477.759219,7.438478
9543.521898,7.158465
9609.740879,6.871295
9676.419330,6.576794
9743.560438,6.274783
9811.167413,5.965078
9879.243488,5.647490
9947.791918,5.321827
10016.815980,4.941366
10086.318974,4.406660
10156.304225,3.861931
10226.775077,3.306954
10297.734900,2.741496
10369.187088,2.165320
10441.135056,1.578183
10513.582244,0.979834
10586.532117,0.370016
10659.988162,-0.251536
10733.953891,-0.885094
10808.432841,-1.530936
10883.428574,-2.189349
10958.944674,-2.860628
11034.984752,-3.545076
11111.552445,-4.243005
11188.651412,-4.954734
11266.285341,-5.680594
11344.457943,-6.420922
11423.172956,-7.176066
11502.434144,-7.946385
11582.245295,-8.732247
11662.610227,-9.534030
11743.532781,-10.352124
11825.016828,-11.186931
11907.066262,-12.038863
11989.685006,-12.908343
12072.877012,-13.795810
12156.646257,-14.701713
12240.996745,-15.626515
12325.932510,-16.570692
12411.457614,-17.534735
12497.576144,-18.519150
12584.292219,-19.203997
12671.609985,-19.898770
12759.533617,-20.613219
12848.067319,-21.347898
12937.215323,-22.103376
13026.981893,-22.880240
13117.371319,-23.679097
13208.387925,-24.500572
13300.036061,-25.345309
13392.320110,-26.213971
13485.244484,-27.107246
13578.813625,-28.025841
13673.032009,-28.970485
13767.904139,-29.941931
13863.434552,-30.940956
13959.627816,-31.968364
14056.488529,-33.024981
14154.021322,-34.111662
14252.230860,-35.229290
14351.121838,-36.378776
14450.698984,-37.561061
14550.967058,-38.777116
14651.930856,-40.027946
14753.595205,-41.314587
14855.964965,-42.638110
14959.045031,-43.999621
15062.840332,-45.177619
15167.355830,-46.248275
15272.596523,-47.357897
15378.567442,-48.507730
15485.273654,-49.699063
15592.720261,-50.933226
15700.912400,-52.211598
15809.855245,-53.535603
15919.554005,-54.906716
16030.013923,-56.326463
16141.240282,-57.796424
16253.238400,-59.318232
16366.013632,-60.893581
16479.571369,-62.524221
16593.917042,-64.211966
16709.056117,-65.958696
16824.994099,-67.766354
16941.736533,-69.636957
17059.288999,-71.572590
17177.657119,-73.575417
17296.846551,-75.647679
17416.862995,-77.791698
17537.712189,-80.009880
17659.399911,-82.304721
17781.931979,-84.678807
17905.314252,-87.134821
18029.552629,-89.380017
18154.653050,-90.757328
18280.621498,-92.216545
18407.463993,-93.760711
18535.186602,-95.392987
18663.795431,-97.116655
18793.296630,-98.935123
18923.696389,-100.851928
19055.000945,-102.870750
19187.216574,-104.995406
19320.349599,-107.229865
19454.406385,-109.578251
19589.393341,-112.044851
19725.316923,-114.634120
19862.183627,-117.350688
20000.000000,-120.199373
